05009
05012
05015
05018
05021
05024
05027
05030
05035
05038
05041
05043
05046
05049
05052
05055
05059
05062
05065
05068
05070
05073
05076
05080
05083
05086
05089
05092
05095
05098
05103
05105
05108
05111
05114
05117
05120
05123
05126
05128
05131
05133
05136
05140
05143
05146
05149
05152
05155
05158
05160
05163
05166
05171
05174
05177
05179
05181
05184
05187
05191
05194
05198
05201
05204
05208
05210
05212
05215
05219
05221
05224
05226
05229
05232
05235
05238
05241
05243
05246
05249
05253
05259
05262
05265
05268
05271
05273
05276
05279
05282
05285
05288
05291
05294
05296
05299
05302
05304
05308
05311
05314
05316
05320
05323
05326
05330
05334
05337
05340
05344
05347
05350
05353
05356
05359
05361
05363
05366
05369
05375
05377
05380
05383
05386
05390
05393
05396
05399
05403
05405
05408
05411
05415
05418
05421
05424
05427
05431
05434
05437
05440
05445
05449
05452
05455
05460
05463
05467
05470
05477
05480
05483
05485
05487
05490
05494
05497
05500
05503
05506
05508
05511
05514
05517
05520
05523
05526
05531
05537
05540
05542
05545
05548
05551
05554
05556
05559
05563
05566
05569
05572
05575
05578
05580
05583
05587
05589
05592
05595
05599
05602
05605
05608
05611
05614
05617
05620
05623
05626
05628
05631
05634
05636
05639
05642
05644
05647
05650
05653
05655
05658
05661
05664
05667
05669
05672
05676
05679
05681
05684
05688
05691
05694
05697
05699
05702
05705
05708
05712
05715
05718
05721
05724
05727
05730
05733
05736
05739
05742
05745
05748
05751
05754
05757
05760
05765
05767
05770
05772
05775
05778
05781
05784
05787
05790
05794
05796
05799
05801
05805
05808
05811
05814
05817
05819
05822
05824
05826
05829
05832
05835
05839
05842
05845
05848
05851
05854
05857
05860
05863
05866
05869
05872
05875
05878
05881
05883
05887
05889
05892
05895
05898
05901
05903
05906
05909
05912
05915
05918
05921
05924
05927
05930
05933
05936
05940
05942
05945
05948
05951
05954
05957
05960
05964
05969
05972
05975
05978
05980
05983
05986
05990
05993
05996
05999
06002
06004
06007
06010
06015
06019
06021
06024
06027
06030
06033
06036
06039
06043
06046
06054
06057
06060
06062
06065
06069
06072
06076
06080
06082
06085
06088
06092
06096
06099
06101
06104
06107
06110
06114
06117
06120
06123
06125
06128
06130
06133
06136
06139
06143
06146
06149
06152
06155
06158
06162
06164
06166
06169
06171
06174
06177
06179
06182
06185
06188
06191
06194
06197
06200
06202
06204
06208
06211
06214
06218
06221
06224
06227
06230
06233
06236
06239
06242
06245
06248
06252
06255
06258
06261
06264
06267
06270
06273
06276
06279
06281
06284
06288
06290
06294
06297
06300
06303
06306
06309
06313
06316
06319
06322
06326
06330
06333
06336
06339
06342
06344
06347
06350
06352
06355
06358
06360
06363
06366
06369
06372
06376
06379
06382
06385
06388
06391
06394
06397
06400
06403
06406
06409
06414
06417
06421
06423
06426
06428
06430
06432
06435
06438
06441
06444
06447
06451
06454
06457
06465
06468
06471
06474
06477
06480
06482
06485
06488
06493
06496
06499
06502
06505
06509
06513
06515
06519
06521
06524
06527
06531
06534
06537
06540
06543
06545
06547
06550
06553
06556
06559
06561
06565
06568
06570
06573
06576
06579
06581
06584
06587
06590
06594
06597
06599
06602
06605
06608
06612
06615
06618
06621
06624
06627
06631
06635
06638
06641
06644
06646
06651
06654
06657
06660
06663
06665
06668
06671
06674
06677
06680
06683
06686
06689
06691
06694
06696
06699
06701
06704
06708
06710
06712
06715
06718
06723
06727
06730
06733
06735
06738
06741
06743
06747
06750
06752
06755
06758
06761
06764
06767
06770
06773
06776
06779
06781
06784
06787
06790
06794
06796
06799
06802
06805
06808
06811
06814
06817
06819
06822
06825
06828
06834
06837
06839
06842
06845
06848
06851
06854
06857
06860
06862
06864
06867
06870
06872
06875
06878
06881
06883
06886
06889
06892
06894
06897
06900
06903
06906
06911
06914
06917
06920
06924
06927
06932
06935
06938
06941
06943
06948
06950
06953
06956
06960
06962
06965
06968
06971
06974
06977
06980
06982
06985
06988
06991
06993
06996
06998
07003
07006
07009
07012
07015
07017
07020
07025
07028
07031
07034
07036
07039
07042
07045
07048
07051
07053
07055
07058
07061
07064
07066
07077
07080
07083
07086
07091
07094
07097
07099
07101
07104
07107
07115
07118
07121
07124
07127
07130
07134
07137
07140
07143
07146
07150
07153
07156
07159
07161
07164
07166
07169
07172
07174
07177
07181
07184
07187
07190
07193
07196
07199
07202
07209
07211
07214
07217
07220
07222
07225
07228
07231
07234
07238
07241
07245
07248
07251
07255
07258
07262
07265
07267
07270
07273
07276
07279
07282
07285
07288
07291
07294
07297
07300
07303
07307
07310
07313
07315
07317
07319
07322
07325
07329
07332
07335
07337
07340
07342
07345
07348
07351
07354
07356
07359
07362
07365
07368
07371
07374
07377
07380
07383
07387
07390
07393
07396
07399
07401
07404
07408
07410
07413
07416
07419
07422
07425
07430
07436
07440
07443
07446
07449
07451
07455
07459
07463
07466
07468
07470
07475
07477
07480
07483
07486
07488
07490
07492
07494
07497
07499
07501
07504
07506
07508
07511
07513
07516
07519
07522
07525
07528
07530
07532
07534
07537
07541
07544
07547
07549
07552
07555
07558
07561
07564
07567
07570
07574
07577
07580
07584
07587
07590
07593
07595
07598
07602
07605
07608
07610
07613
07616
07619
07622
07625
07628
07631
07635
07637
07640
07644
07647
07649
07652
07655
07658
07661
07664
07667
07669
07672
07674
07677
07679
07682
07685
07687
07689
07692
07695
07698
07701
07704
07708
07710
07713
07717
07724
07727
07730
07733
07735
07737
07739
07742
07745
07748
07753
07758
07761
07764
07768
07771
07774
07776
07778
07782
07785
07787
07792
07795
07798
07801
07806
07810
07813
07817
07821
07824
07827
07830
07833
07836
07839
07841
07843
07845
07848
07850
07852
07855
07857
07859
07862
07865
07868
07871
07874
07877
07881
07883
07886
07889
07893
07896
07898
07901
07905
07908
07911
07914
07916
07920
07923
07926
07929
07933
07935
07938
07941
07944
07947
07950
07953
07956
07959
07963
07966
07969
07972
07975
07978
07980
07982
07984
07986
07988
07990
07992
07993
07994
07995
07996
07997
07998
07999
08000
08001
08002
08003
08004
08005
08006
